0285
0730
0845
0860
0905
2255
2430
2570
2595
2680
3105
3165
3460
3685
3795
3850
3870
3980
4095
4200
4225
5075
5080
5135
5140
5290
5330
5360
5370
5450
5875
5905
5930
6010
6090
1005
1760
1805
2385
3160
3505
4340
5420
0175
0885
5395
0395
0870
0890
1455
3375
4050
4565
5775
0750
1355
1490
2215
3360
3495
6085
0015
6045
3835
1130
0455
1690
5690
6360
4560
6565
0575
1175
2550
6595
1535
1575
1585
2950
6435
0085
2725
6480
1650
6485
6615
0795
1255
1435
1890
3285
3545
3670
3710
3860
5035
5375
0170
2315
3655
3995
5975
0275
0345
3595
3775
3900
4515
5995
3500
5245
5350
6340
6470
6475
0310
0375
0585
1445
1825
2220
2885
3210
3575
3945
5065
5950
0935
0950
1335
1410
1605
1725
1775
1900
3305
3895
4345
5160
1085
2545
3410
4100
5115
2365
2745
5610
6345
3875
6425
1125
1195
1765
1885
2340
2900
4040
4070
4130
5415
6165
0250
0690
0910
1270
2065
5405
5970
1150
2040
3435
5295
6250
1835
1875
2010
5685
1055
1315
2205
2455
3680
6520
1520
6665
0035
0315
1485
1905
2480
2620
2920
3530
3965
4035
5310
5465
5500
5555
5940
0125
1430
2150
2865
4015
4365
5820
0135
0745
2475
2490
2760
6000
0465
0830
0990
6070
2460
2890
3155
5305
1500
2965
6535
0815
0960
1735
2115
6450
5475
0420
0445
0705
1280
2160
2165
3035
3040
3095
3515
3560
5590
5630
6220
6230
6290
0040
0045
0410
1415
1705
2080
3295
3425
3450
5315
5550
0500
0610
1865
4430
5145
6080
0555
2730
5430
0020
1465
1660
2485
2905
3025
3820
3845
4030
5010
0515
0615
1370
2260
5255
0925
1110
1325
2400
2975
3335
5740
6540
6420
0255
1120
5565
5625
5805
6490
0325
1665
1815
2005
3330
4215
4525
6060
6670
0005
1420
1425
1655
1700
1750
2350
4445
4450
6310
0390
0775
1225
2075
4160
4495
5770
6365
6370
6375
0505
1385
2230
2465
2850
3650
5790
6675
6680
0805
1695
2715
4545
5040
0245
0300
4000
5340
5715
0740
3275
4520
5850
5460
0225
4480
4530
4535
5745
1075
1080
1100
6335
0160
6570
6590
0450
0655
0895
0930
0965
2035
2320
2445
3205
3215
3570
3930
3940
4240
5205
5210
5335
5600
0120
0200
0370
1505
1510
1515
2125
2225
2335
2670
3405
3805
4170
4465
6205
0355
1010
1305
3125
3280
3390
3430
3470
5670
0700
0980
1530
2345
4230
5895
0070
0110
0435
0535
0570
0620
2395
3455
3725
3955
4075
4125
6130
1615
2130
3880
4055
6380
5470
5365
1470
1640
6225
1870
2470
2940
3030
4120
5055
5125
5170
5355
5380
5585
5695
5720
5880
5890
6095
6150
6185
6265
6400
6405
1340
4275
6285
0260
1855
2105
4500
5275
0115
1850
5920
6270
6275
6280
0205
0605
0820
2355
3915
5130
6040
5100
0920
2390
3235
5660
3975
5925
1350
1595
4220
5120
5155
5200
5765
5990
1830
3370
3740
3990
5675
5345
5705
5725
0185
1670
5735
6255
0660
6385
4435
6525
6545
6580
6410
1730
6440
6460
6610
6620
0100
0130
0530
2020
2185
3290
3315
5165
5440
5915
5960
1040
1215
1360
2785
3490
3525
3590
3810
3630
5490
0145
5980
1310
1710
2820
2915
3115
3800
4185
5910
5955
1715
3400
3465
3640
5025
5050
0955
2380
3415
5750
0425
2060
2675
3365
4080
6190
1200
1480
3610
4455
5270
0280
0290
0550
2710
6320
0975
1135
1405
1780
1840
2325
3555
3770
3970
4235
4280
4475
4540
5320
6015
6100
6210
1165
1190
2280
2360
3340
3600
3665
3815
4145
6075
0485
0545
0995
1000
1380
2120
2140
2605
2630
5180
5595
0695
1495
3255
3535
5195
0590
1230
4150
5175
5240
6025
2085
2145
3265
5385
5680
0270
0565
1155
2405
4210
5005
0825
2520
3045
3270
5400
0320
0790
1645
1845
3765
4460
5020
2575
3935
6120
0835
1035
5810
0360
3345
6260
0385
1180
1450
3755
6530
0305
0520
1265
1525
2875
5215
5285
6685
1460
1740
5085
0140
6245
3015
3510
5800
3175
5185
2420
4425
5855
6115
6635
6640
6645
6650
6655
6660
6690
3130
4330
6235
5640
6330
6465
1600
1620
5480
0010
0050
0770
2970
3185
3625
5030
5265
5280
5795
5845
6585
1820
5665
3550
5570
5635
6135
6155
0105
0560
1115
1880
2810
2990
4490
5485
0330
2555
6105
5885
0220
1105
1610
2135
6030
0470
0840
1810
3445
3675
5095
5580
0380
0405
0495
0640
1160
3170
3350
5250
6055
0240
3110
5150
5505
0460
0540
1395
2090
5755
1070
5300
6195
0265
2030
6170
1060
1065
6550
0580
1030
6430
6495
2305
6575
0065
0595
1205
1250
1295
1345
2285
3440
3830
3950
4360
4485
5615
0090
0340
0350
0880
1910
2565
3225
3580
5425
5655
1720
3250
3320
3760
4305
5390
0645
0970
1365
2795
3565
3780
4115
5645
0180
1140
1635
2190
4300
6110
0155
0715
1685
3420
5760
0875
1300
6390
0710
1785
2750
3920
6445
1020
2180
2640
3745
3790
5510
0025
0525
0940
2755
3000
3050
6160
0510
0630
3720
4020
4295
5700
0670
0765
2770
3395
3890
5090
1235
1245
5815
0685
3605
5070
0415
0490
2930
3660
6200
0215
0400
1050
1680
3480
6455
0150
0475
0735
1025
1260
1275
2450
3055
3180
3195
3785
3985
4005
4205
4510
5825
2310
3840
5650
6395
0030
0080
0195
0430
0440
0625
0725
0855
0865
1400
1440
1475
2055
2265
2275
2525
2530
2540
2560
2690
2825
2855
2895
2925
2980
2985
3100
3325
3475
3925
4085
4290
4325
5015
5110
5220
5235
5260
5325
5410
5435
5530
5535
5540
5575
5935
5985
6005
6020
6035
6050
6240
0165
0480
2600
2635
3735
5060
5190
5495
0055
0060
0650
0755
0850
3960
4155
5620
2025
2330
4045
4090
6145
0680
3230
5965
6600
6605
0075
1755
4440
5730
5860
5865
5870
6065
6175
6180
0785
2410
6350
6415
1375
5515
0095
0190
0210
0635
0800
0810
1625
1745
1860
2435
2775
2830
2860
3120
3355
3380
3730
4065
5045
5230
5445
5455
5545
5560
5605
5840
5945
0335
0365
0675
0900
1185
1320
1630
3905
5780
5900
0295
1210
2375
2945
3300
3485
3585
5225
5785
2270
3190
3200
4135
5105
2210
3885
4110
5830
4310
4550
5835
6555
4555
6560
1675
5520
0720
1390
1770
2155
2170
3260
4010
6305
0915
1145
1240
2015
2695
2955
4195
4505
6315
2070
4105
6215
0985
2240
6295
0665
0945
1015
6355
6625
6630
1220
4415
6510
0235
6505
4165
6515
0760
1045
1285
1290
1330
1790
1795
4470
5710
1170
2095
3220
3690
5525
2720
3005
3020
3705
6500
0600
0780
2175
2765
3645
6140
1095
3750
6325
0230
1090
3615
6300